Namespace(compute_embeddings=False, dataset='lfw', experiment_mode=True, min_threshold=1, show_tsne=False, use_raw=False)
+--------------------------------------+
|   Digital Image Processing Project   |
+--------------------------------------+
|      Author: Rodrigo Castiel         |
+--------------------------------------+
Loading cached embeddings and ground-truth labels.
Loading complete.
7400 data points extracted from 901 clusters.

----------------- Clustering Evaluation -----------------
+ ('k-means', 'opt') ............ 0.393992 (+/- 0.047119)
+ ('agglomerative', 'opt') ...... 0.440203 (+/- 0.030589)
+ ('spectral', 'opt') ........... 0.227804 (+/- 0.053009)
+ ('dbscan', 0.1, 1) ............ 0.031102 (+/- 0.003716)
+ ('dbscan', 0.2, 1) ............ 0.031848 (+/- 0.003995)
+ ('dbscan', 0.3, 1) ............ 0.032313 (+/- 0.003964)
+ ('dbscan', 0.4, 1) ............ 0.196961 (+/- 0.056513)
+ ('dbscan', 0.5, 1) ............ 0.724950 (+/- 0.032456)
+ ('dbscan', 0.6, 1) ............ 0.908426 (+/- 0.013233)
+ ('dbscan', 0.7, 1) ............ 0.956498 (+/- 0.011196)
+ ('dbscan', 0.8, 1) ............ 0.853182 (+/- 0.096127)
+ ('dbscan', 0.9, 1) ............ 0.129282 (+/- 0.082319)
+ ('dbscan', 1.0, 1) ............ 0.002835 (+/- 0.000719)
+ ('dbscan', 1.1, 1) ............ 0.000009 (+/- 0.000019)
+ ('dbscan', 1.2, 1) ............ 0.000000 (+/- 0.000000)
+ ('mean-shift', 0.1) ........... 0.030939 (+/- 0.003717)
+ ('mean-shift', 0.2) ........... 0.031276 (+/- 0.002873)
+ ('mean-shift', 0.3) ........... 0.033189 (+/- 0.004090)
+ ('mean-shift', 0.4) ........... 0.254383 (+/- 0.048598)
+ ('mean-shift', 0.5) ........... 0.760404 (+/- 0.028746)
+ ('mean-shift', 0.6) ........... 0.922974 (+/- 0.013579)
+ ('mean-shift', 0.7) ........... 0.960519 (+/- 0.011309)
+ ('mean-shift', 0.8) ........... 0.915924 (+/- 0.022172)
+ ('mean-shift', 0.9) ........... 0.553595 (+/- 0.115690)
+ ('mean-shift', 1.0) ........... 0.003532 (+/- 0.001298)
+ ('mean-shift', 1.1) ........... 0.000000 (+/- 0.000000)
+ ('mean-shift', 1.2) ........... 0.000000 (+/- 0.000000)
---------------------------------------------------------


validation_set_fraction = 0.8
n _times = 30

Clustering Scores (adjusted_rand_index)
('k-means', 'opt')             0.372638 0.422038 0.441141 0.387376 0.431491 0.388438 0.413881 0.371325 0.357372 0.441915 0.358217 0.374890 0.398856 0.355227 0.360003 0.378869 0.385736 0.385172 0.420442 0.423579 0.383958 0.403357 0.382139 0.391402 0.404729 0.395890 0.406971 0.407319 0.388750 0.386642
('agglomerative', 'opt')       0.429250 0.445577 0.452182 0.450401 0.447121 0.408567 0.449908 0.476982 0.462451 0.431470 0.445920 0.446871 0.441186 0.438782 0.440092 0.458198 0.435222 0.450682 0.419247 0.401227 0.446392 0.446494 0.424286 0.439308 0.435884 0.433890 0.444777 0.416581 0.449294 0.437840
('spectral', 'opt')            0.233278 0.234760 0.266610 0.252472 0.251359 0.166854 0.203599 0.225610 0.242047 0.280614 0.198741 0.201564 0.237751 0.211841 0.223158 0.198028 0.245559 0.225770 0.238020 0.218457 0.245598 0.228927 0.243962 0.263123 0.230395 0.173557 0.239349 0.184738 0.213241 0.255147
('dbscan', 0.1, 1)             0.029206 0.030622 0.029506 0.030307 0.029330 0.032577 0.030413 0.028047 0.029379 0.031278 0.032871 0.031893 0.033570 0.029663 0.034833 0.030676 0.030412 0.028132 0.029606 0.031786 0.031866 0.028797 0.029285 0.034972 0.033254 0.030660 0.031402 0.033027 0.031977 0.033713
('dbscan', 0.2, 1)             0.030813 0.032791 0.032596 0.032057 0.035864 0.030472 0.030904 0.027685 0.035467 0.031061 0.029515 0.030366 0.031007 0.032064 0.034394 0.030177 0.032828 0.032504 0.029376 0.029985 0.030317 0.031708 0.033313 0.031008 0.036668 0.031682 0.034742 0.031204 0.030767 0.032113
('dbscan', 0.3, 1)             0.033504 0.036331 0.030324 0.032070 0.034642 0.035460 0.033467 0.034068 0.033174 0.031232 0.033599 0.029733 0.031049 0.031406 0.036239 0.031227 0.030036 0.030353 0.031167 0.029890 0.029483 0.033353 0.033956 0.032439 0.032034 0.029316 0.030614 0.032054 0.032157 0.035001
('dbscan', 0.4, 1)             0.201587 0.172217 0.206027 0.167795 0.193748 0.171294 0.248665 0.202921 0.176333 0.183218 0.194388 0.195269 0.168652 0.242799 0.266181 0.223509 0.181540 0.212863 0.222133 0.213270 0.195248 0.226301 0.178072 0.198162 0.147169 0.193224 0.201615 0.165949 0.138869 0.219817
('dbscan', 0.5, 1)             0.717490 0.728569 0.720244 0.756973 0.739400 0.726648 0.719190 0.720162 0.726173 0.687490 0.705132 0.755502 0.719538 0.704769 0.741191 0.740045 0.724750 0.739395 0.716830 0.746626 0.723549 0.717289 0.722279 0.710139 0.696771 0.718901 0.748578 0.734837 0.707968 0.732066
('dbscan', 0.6, 1)             0.911357 0.911798 0.906614 0.901615 0.917293 0.918641 0.917202 0.907905 0.919815 0.908924 0.914971 0.899423 0.908560 0.899195 0.894753 0.913356 0.907850 0.916562 0.916101 0.898970 0.909922 0.905850 0.906108 0.907034 0.914376 0.908190 0.906316 0.901317 0.903853 0.898901
('dbscan', 0.7, 1)             0.966037 0.955017 0.956846 0.957209 0.952549 0.959515 0.967419 0.953501 0.964639 0.953290 0.962739 0.958891 0.951692 0.950417 0.958562 0.958100 0.959266 0.942080 0.951749 0.954001 0.956030 0.953506 0.952865 0.959721 0.946045 0.957631 0.967140 0.956880 0.954516 0.957087
('dbscan', 0.8, 1)             0.934867 0.838280 0.919822 0.814139 0.847837 0.816941 0.834934 0.927884 0.889282 0.805542 0.789568 0.821579 0.816725 0.913417 0.918839 0.865032 0.915933 0.800189 0.823407 0.805216 0.815762 0.930068 0.893629 0.825839 0.823747 0.843041 0.814158 0.801226 0.926485 0.822078
('dbscan', 0.9, 1)             0.151960 0.077921 0.094001 0.102527 0.079929 0.116473 0.101140 0.097668 0.102403 0.111029 0.141744 0.143294 0.194972 0.095284 0.211378 0.161498 0.108180 0.139892 0.098257 0.117345 0.206326 0.167295 0.172189 0.097729 0.115489 0.092316 0.204404 0.079371 0.101460 0.194988
('dbscan', 1.0, 1)             0.003387 0.002511 0.003279 0.003249 0.003117 0.002462 0.002551 0.002754 0.002595 0.002619 0.002759 0.003391 0.002738 0.003216 0.002805 0.002206 0.002358 0.002354 0.002421 0.002853 0.003026 0.002809 0.002934 0.002531 0.003018 0.002993 0.002510 0.002798 0.003058 0.003750
('dbscan', 1.1, 1)             0.000019 0.000005 0.000031 0.000000 0.000011 0.000000 0.000000 0.000006 0.000011 0.000011 0.000000 0.000000 0.000000 0.000006 0.000000 0.000011 0.000000 0.000024 0.000000 0.000026 0.000012 0.000012 0.000012 0.000032 0.000000 0.000012 0.000000 0.000006 0.000011 0.000017
('dbscan', 1.2, 1)             0.000000 0.000000 0.000000 0.000000 0.000000 0.000000 0.000000 0.000000 0.000000 0.000000 0.000000 0.000000 0.000000 0.000000 0.000000 0.000000 0.000000 0.000000 0.000000 0.000000 0.000000 0.000000 0.000000 0.000000 0.000000 0.000000 0.000000 0.000000 0.000000 0.000000
('mean-shift', 0.1)            0.031361 0.031717 0.032590 0.030079 0.031120 0.031876 0.030085 0.029075 0.032287 0.034774 0.030420 0.030353 0.031761 0.032399 0.028982 0.031415 0.032573 0.028937 0.027544 0.027001 0.030526 0.032041 0.029111 0.030197 0.031526 0.034435 0.028712 0.034352 0.029553 0.031371
('mean-shift', 0.2)            0.030503 0.031550 0.031398 0.030888 0.030902 0.029890 0.031895 0.030953 0.031842 0.030228 0.031506 0.034082 0.029542 0.031779 0.032695 0.034786 0.032942 0.032021 0.029427 0.029444 0.029531 0.033035 0.031339 0.028940 0.032553 0.031081 0.030348 0.030767 0.029328 0.033094
('mean-shift', 0.3)            0.030754 0.030201 0.030025 0.033071 0.033688 0.031670 0.030437 0.033430 0.033260 0.037028 0.030957 0.033697 0.032360 0.034397 0.035956 0.029789 0.033308 0.036155 0.035108 0.031364 0.034109 0.032066 0.035086 0.032299 0.033562 0.032316 0.034160 0.033391 0.038120 0.033910
('mean-shift', 0.4)            0.241558 0.274585 0.268955 0.241129 0.237256 0.270374 0.246985 0.255223 0.295003 0.255833 0.277998 0.245805 0.214259 0.298298 0.264920 0.285771 0.261493 0.226552 0.246744 0.254962 0.212394 0.189640 0.258732 0.225236 0.253227 0.286177 0.249426 0.272788 0.266514 0.253652
('mean-shift', 0.5)            0.754294 0.765445 0.756775 0.741710 0.736298 0.758330 0.735922 0.768217 0.777495 0.765605 0.761896 0.765642 0.743257 0.768198 0.741465 0.767687 0.784058 0.779022 0.755662 0.790942 0.749158 0.761408 0.762558 0.764052 0.790210 0.745682 0.746454 0.764205 0.759538 0.750938
('mean-shift', 0.6)            0.930062 0.932282 0.913207 0.932017 0.920411 0.925143 0.920048 0.923176 0.936068 0.930663 0.922652 0.920861 0.914815 0.922095 0.924133 0.909496 0.914703 0.932848 0.919130 0.921700 0.931052 0.922747 0.923051 0.923083 0.919385 0.916820 0.908145 0.927645 0.927682 0.924097
('mean-shift', 0.7)            0.948540 0.955422 0.965192 0.961916 0.954635 0.959263 0.960595 0.953500 0.961827 0.962156 0.963529 0.959747 0.960048 0.964602 0.972772 0.950682 0.963272 0.961006 0.957727 0.963207 0.954163 0.960943 0.970377 0.966200 0.952946 0.958973 0.965827 0.968112 0.964697 0.953687
('mean-shift', 0.8)            0.918546 0.916057 0.919808 0.929656 0.916204 0.921566 0.920034 0.889727 0.894465 0.903071 0.916642 0.922825 0.917104 0.928764 0.915671 0.910470 0.926368 0.928508 0.925144 0.909707 0.925882 0.935192 0.916693 0.913190 0.911317 0.909315 0.898826 0.896336 0.909769 0.930857
('mean-shift', 0.9)            0.493636 0.547620 0.576934 0.659826 0.517011 0.605094 0.578644 0.524501 0.549857 0.493387 0.627845 0.592336 0.672745 0.526951 0.480626 0.550501 0.626241 0.484434 0.539319 0.487676 0.526970 0.617440 0.576241 0.494102 0.594023 0.471016 0.593706 0.437846 0.570956 0.590378
('mean-shift', 1.0)            0.004213 0.003279 0.004162 0.003109 0.004005 0.002762 0.003115 0.003102 0.003770 0.003753 0.002216 0.004295 0.003036 0.003075 0.003342 0.004963 0.003244 0.002801 0.003866 0.003325 0.004140 0.003294 0.003580 0.002900 0.005339 0.003099 0.003804 0.003108 0.003446 0.003820
('mean-shift', 1.1)            0.000000 0.000000 0.000000 0.000000 0.000000 0.000000 0.000000 0.000000 0.000000 0.000000 0.000000 0.000000 0.000000 0.000000 0.000000 0.000000 0.000000 0.000000 0.000000 0.000000 0.000000 0.000000 0.000000 0.000000 0.000000 0.000000 0.000000 0.000000 0.000000 0.000000
('mean-shift', 1.2)            0.000000 0.000000 0.000000 0.000000 0.000000 0.000000 0.000000 0.000000 0.000000 0.000000 0.000000 0.000000 0.000000 0.000000 0.000000 0.000000 0.000000 0.000000 0.000000 0.000000 0.000000 0.000000 0.000000 0.000000 0.000000 0.000000 0.000000 0.000000 0.000000 0.000000

