Namespace(compute_embeddings=False, dataset='muct', experiment_mode=True, min_threshold=1, show_tsne=False, use_raw=False)
+--------------------------------------+
|   Digital Image Processing Project   |
+--------------------------------------+
|      Author: Rodrigo Castiel         |
+--------------------------------------+
Loading cached embeddings and ground-truth labels.
Loading complete.
3710 data points extracted from 276 clusters.

----------------- Clustering Evaluation -----------------
+ ('k-means', 'opt') ............ 0.966178 (+/- 0.009708)
+ ('agglomerative', 'opt') ...... 0.987609 (+/- 0.006514)
+ ('spectral', 'opt') ........... 0.974029 (+/- 0.012965)
+ ('dbscan', 0.1, 1) ............ 0.134093 (+/- 0.008032)
+ ('dbscan', 0.2, 1) ............ 0.166055 (+/- 0.010299)
+ ('dbscan', 0.3, 1) ............ 0.476711 (+/- 0.036143)
+ ('dbscan', 0.4, 1) ............ 0.802872 (+/- 0.020068)
+ ('dbscan', 0.5, 1) ............ 0.940610 (+/- 0.010532)
+ ('dbscan', 0.6, 1) ............ 0.979826 (+/- 0.007118)
+ ('dbscan', 0.7, 1) ............ 0.980598 (+/- 0.008401)
+ ('dbscan', 0.8, 1) ............ 0.651178 (+/- 0.142826)
+ ('dbscan', 0.9, 1) ............ 0.071823 (+/- 0.019167)
+ ('dbscan', 1.0, 1) ............ 0.002495 (+/- 0.000438)
+ ('dbscan', 1.1, 1) ............ 0.000003 (+/- 0.000022)
+ ('dbscan', 1.2, 1) ............ 0.000000 (+/- 0.000000)
+ ('mean-shift', 0.1) ........... 0.134485 (+/- 0.006195)
+ ('mean-shift', 0.2) ........... 0.168938 (+/- 0.008185)
+ ('mean-shift', 0.3) ........... 0.502991 (+/- 0.027087)
+ ('mean-shift', 0.4) ........... 0.829826 (+/- 0.020178)
+ ('mean-shift', 0.5) ........... 0.952445 (+/- 0.011531)
+ ('mean-shift', 0.6) ........... 0.982613 (+/- 0.006856)
+ ('mean-shift', 0.7) ........... 0.981194 (+/- 0.009435)
+ ('mean-shift', 0.8) ........... 0.442032 (+/- 0.079450)
+ ('mean-shift', 0.9) ........... 0.072555 (+/- 0.012895)
+ ('mean-shift', 1.0) ........... 0.001111 (+/- 0.000390)
+ ('mean-shift', 1.1) ........... 0.000000 (+/- 0.000000)
+ ('mean-shift', 1.2) ........... 0.000000 (+/- 0.000000)
---------------------------------------------------------


validation_set_fraction = 0.8
n _times = 30

Clustering Scores (adjusted_rand_index)
('k-means', 'opt')             0.964428 0.967014 0.963556 0.968384 0.959327 0.965459 0.969910 0.968706 0.972416 0.965683 0.966279 0.968804 0.962718 0.966109 0.967381 0.967366 0.974931 0.954506 0.956178 0.961005 0.967828 0.958768 0.974340 0.967612 0.965815 0.969161 0.971322 0.972945 0.962441 0.964936
('agglomerative', 'opt')       0.990318 0.988998 0.982071 0.989918 0.988977 0.990802 0.991163 0.989494 0.984260 0.990134 0.989903 0.990116 0.980724 0.988639 0.980977 0.991333 0.986839 0.989273 0.984874 0.989807 0.987159 0.983693 0.990117 0.988337 0.981472 0.992334 0.984431 0.987912 0.987627 0.986559
('spectral', 'opt')            0.969232 0.972983 0.979961 0.967707 0.966498 0.976706 0.982029 0.972392 0.968700 0.966947 0.969412 0.980025 0.977262 0.975462 0.977757 0.957702 0.976731 0.964071 0.966489 0.974899 0.977997 0.979884 0.987256 0.977078 0.983935 0.965488 0.977046 0.974404 0.977874 0.976949
('dbscan', 0.1, 1)             0.137260 0.132662 0.132868 0.124380 0.134375 0.136649 0.137458 0.128809 0.135626 0.134604 0.135754 0.131117 0.132828 0.133315 0.137219 0.142601 0.133623 0.142728 0.140025 0.130341 0.131396 0.133357 0.126847 0.135757 0.132188 0.136659 0.136848 0.129449 0.134187 0.131864
('dbscan', 0.2, 1)             0.167723 0.155670 0.158049 0.166360 0.165795 0.173756 0.163361 0.165179 0.170645 0.173114 0.163495 0.170413 0.161345 0.174647 0.164895 0.165507 0.170820 0.171467 0.167333 0.159503 0.162551 0.168819 0.164633 0.164260 0.160279 0.157102 0.169789 0.170740 0.173733 0.160652
('dbscan', 0.3, 1)             0.467508 0.487475 0.468903 0.476260 0.504419 0.471929 0.494055 0.444386 0.484052 0.485249 0.471068 0.466634 0.481867 0.461818 0.440778 0.500455 0.511733 0.445252 0.496540 0.450784 0.484845 0.457390 0.500001 0.482736 0.469598 0.457628 0.477739 0.489006 0.487960 0.483252
('dbscan', 0.4, 1)             0.791594 0.806597 0.804142 0.807669 0.809681 0.820271 0.803703 0.800329 0.786192 0.791068 0.790906 0.781915 0.806428 0.801666 0.796846 0.797853 0.811506 0.804662 0.809829 0.809339 0.787473 0.794200 0.815209 0.820911 0.805178 0.799789 0.795978 0.814236 0.801632 0.819363
('dbscan', 0.5, 1)             0.934839 0.930417 0.938970 0.940982 0.940782 0.940580 0.945942 0.933618 0.945630 0.933045 0.938105 0.944475 0.940926 0.952139 0.933792 0.939960 0.943616 0.942291 0.939031 0.932102 0.937426 0.938420 0.944948 0.938211 0.945045 0.946452 0.944019 0.942260 0.952049 0.938220
('dbscan', 0.6, 1)             0.979522 0.980767 0.975941 0.978287 0.977306 0.985935 0.977129 0.982825 0.980605 0.976199 0.979990 0.968783 0.978649 0.979302 0.977877 0.980617 0.976939 0.979640 0.979587 0.978437 0.976733 0.980671 0.982565 0.985118 0.985079 0.985181 0.977029 0.983742 0.984743 0.979572
('dbscan', 0.7, 1)             0.980262 0.984550 0.982855 0.986542 0.984275 0.979427 0.978567 0.977445 0.984942 0.984900 0.985294 0.985585 0.978886 0.977265 0.969154 0.985312 0.975523 0.974955 0.978706 0.979194 0.979511 0.980230 0.985013 0.980015 0.980487 0.978402 0.972287 0.985161 0.984010 0.979176
('dbscan', 0.8, 1)             0.767992 0.602655 0.643622 0.602584 0.664992 0.623704 0.673092 0.602221 0.812082 0.594143 0.750615 0.692593 0.786736 0.624570 0.610753 0.660037 0.803391 0.617385 0.588215 0.583683 0.644630 0.597772 0.664583 0.620196 0.609327 0.669739 0.490726 0.596128 0.689403 0.647768
('dbscan', 0.9, 1)             0.089834 0.064364 0.070150 0.089922 0.081922 0.068884 0.063791 0.054944 0.064646 0.074058 0.069250 0.055748 0.064765 0.065997 0.058368 0.067867 0.071081 0.085902 0.079940 0.084661 0.071453 0.078413 0.073045 0.075684 0.087146 0.058795 0.067960 0.066270 0.071429 0.078390
('dbscan', 1.0, 1)             0.002678 0.002291 0.002581 0.002948 0.002238 0.002717 0.002785 0.002328 0.002596 0.002588 0.002066 0.002512 0.002154 0.002354 0.002427 0.002593 0.002415 0.002493 0.002650 0.002250 0.002452 0.002447 0.002514 0.002069 0.002449 0.002841 0.002398 0.002846 0.002481 0.002694
('dbscan', 1.1, 1)             0.000046 0.000000 0.000000 0.000000 0.000000 0.000000 0.000000 0.000005 0.000000 0.000000 0.000000 0.000000 0.000000 0.000000 0.000000 0.000040 0.000000 0.000000 0.000000 0.000000 0.000000 0.000000 0.000000 0.000000 0.000000 0.000000 0.000000 0.000000 0.000000 0.000000
('dbscan', 1.2, 1)             0.000000 0.000000 0.000000 0.000000 0.000000 0.000000 0.000000 0.000000 0.000000 0.000000 0.000000 0.000000 0.000000 0.000000 0.000000 0.000000 0.000000 0.000000 0.000000 0.000000 0.000000 0.000000 0.000000 0.000000 0.000000 0.000000 0.000000 0.000000 0.000000 0.000000
('mean-shift', 0.1)            0.132183 0.134372 0.130332 0.136695 0.137766 0.131733 0.128029 0.134339 0.135562 0.130020 0.134489 0.135252 0.131953 0.135036 0.133251 0.133090 0.133029 0.134787 0.138653 0.140208 0.135648 0.135236 0.140167 0.135886 0.135719 0.136033 0.128235 0.133723 0.132834 0.140286
('mean-shift', 0.2)            0.165400 0.166935 0.169892 0.171272 0.169423 0.164543 0.165203 0.164964 0.172899 0.160376 0.175313 0.173611 0.162966 0.173588 0.170263 0.167833 0.171607 0.167658 0.176213 0.162090 0.169284 0.170474 0.169764 0.172548 0.166881 0.161154 0.172459 0.170189 0.171830 0.171518
('mean-shift', 0.3)            0.496688 0.502713 0.500740 0.521942 0.513048 0.508347 0.512923 0.483169 0.484735 0.506819 0.478153 0.505800 0.508517 0.509556 0.490072 0.506197 0.485546 0.496860 0.510812 0.497561 0.500546 0.534741 0.490799 0.508875 0.507931 0.478736 0.515187 0.532092 0.501120 0.499492
('mean-shift', 0.4)            0.834158 0.841220 0.828967 0.835593 0.830882 0.836449 0.823253 0.814854 0.827771 0.829449 0.830259 0.816307 0.843857 0.833840 0.838908 0.834096 0.838252 0.801134 0.831387 0.828093 0.835329 0.840898 0.829330 0.835832 0.836540 0.823116 0.832723 0.819493 0.803768 0.839028
('mean-shift', 0.5)            0.946494 0.953048 0.949030 0.959249 0.957577 0.955367 0.946459 0.951575 0.946815 0.953447 0.951603 0.957280 0.963597 0.952058 0.951851 0.957583 0.952592 0.948112 0.949420 0.960094 0.958819 0.961633 0.946681 0.958058 0.941842 0.945818 0.957051 0.939820 0.949602 0.950781
('mean-shift', 0.6)            0.983184 0.981314 0.985448 0.980733 0.976129 0.983757 0.985762 0.982467 0.986134 0.975420 0.984212 0.986928 0.977628 0.980209 0.978393 0.981862 0.979096 0.987999 0.984840 0.982260 0.985960 0.982997 0.981010 0.985476 0.976350 0.982424 0.982037 0.986250 0.987823 0.984299
('mean-shift', 0.7)            0.984667 0.979164 0.978697 0.984537 0.983811 0.979007 0.984643 0.979097 0.983768 0.981923 0.971598 0.974515 0.975240 0.983518 0.984922 0.972721 0.987051 0.982368 0.981466 0.987901 0.983269 0.979688 0.968984 0.984170 0.988494 0.981858 0.985188 0.983293 0.982795 0.977472
('mean-shift', 0.8)            0.486400 0.385183 0.451769 0.414567 0.473293 0.465979 0.439966 0.427711 0.425368 0.495049 0.506241 0.474932 0.442810 0.390308 0.387331 0.497793 0.468032 0.408386 0.451299 0.397881 0.378046 0.450856 0.482211 0.508316 0.421417 0.378660 0.447222 0.437382 0.389720 0.476840
('mean-shift', 0.9)            0.059536 0.070263 0.072049 0.078228 0.067345 0.079140 0.076365 0.077330 0.078438 0.066355 0.070393 0.065336 0.076090 0.064622 0.087589 0.065828 0.066847 0.070315 0.069953 0.070337 0.065042 0.070603 0.075288 0.083279 0.067426 0.076073 0.069416 0.082007 0.073370 0.081774
('mean-shift', 1.0)            0.001324 0.000922 0.001095 0.001519 0.001066 0.001256 0.001172 0.000671 0.000900 0.001061 0.001071 0.000868 0.001180 0.000983 0.000927 0.001323 0.001129 0.001198 0.001509 0.001026 0.001291 0.001198 0.001311 0.001105 0.001335 0.000928 0.001139 0.000835 0.000891 0.001114
('mean-shift', 1.1)            0.000000 0.000000 0.000000 0.000000 0.000000 0.000000 0.000000 0.000000 0.000000 0.000000 0.000000 0.000000 0.000000 0.000000 0.000000 0.000000 0.000000 0.000000 0.000000 0.000000 0.000000 0.000000 0.000000 0.000000 0.000000 0.000000 0.000000 0.000000 0.000000 0.000000
('mean-shift', 1.2)            0.000000 0.000000 0.000000 0.000000 0.000000 0.000000 0.000000 0.000000 0.000000 0.000000 0.000000 0.000000 0.000000 0.000000 0.000000 0.000000 0.000000 0.000000 0.000000 0.000000 0.000000 0.000000 0.000000 0.000000 0.000000 0.000000 0.000000 0.000000 0.000000 0.000000

