Namespace(compute_embeddings=False, dataset='personal_faces', experiment_mode=True, min_threshold=1, show_tsne=False, use_raw=False)
+--------------------------------------+
|   Digital Image Processing Project   |
+--------------------------------------+
|      Author: Rodrigo Castiel         |
+--------------------------------------+
Loading cached embeddings and ground-truth labels.
Loading complete.
59 data points extracted from 18 clusters.

----------------- Clustering Evaluation -----------------
+ ('k-means', 'opt') ............ 0.815486 (+/- 0.230988)
+ ('agglomerative', 'opt') ...... 0.812108 (+/- 0.212971)
+ ('spectral', 'opt') ........... 0.697063 (+/- 0.236279)
+ ('dbscan', 0.1, 1) ............ 0.344276 (+/- 0.136712)
+ ('dbscan', 0.2, 1) ............ 0.314153 (+/- 0.158736)
+ ('dbscan', 0.3, 1) ............ 0.283740 (+/- 0.130011)
+ ('dbscan', 0.4, 1) ............ 0.333242 (+/- 0.150010)
+ ('dbscan', 0.5, 1) ............ 0.432967 (+/- 0.174418)
+ ('dbscan', 0.6, 1) ............ 0.614341 (+/- 0.247413)
+ ('dbscan', 0.7, 1) ............ 0.803644 (+/- 0.177654)
+ ('dbscan', 0.8, 1) ............ 0.903226 (+/- 0.109752)
+ ('dbscan', 0.9, 1) ............ 0.783702 (+/- 0.194788)
+ ('dbscan', 1.0, 1) ............ 0.597496 (+/- 0.269718)
+ ('dbscan', 1.1, 1) ............ 0.267060 (+/- 0.256646)
+ ('dbscan', 1.2, 1) ............ 0.099561 (+/- 0.130185)
+ ('mean-shift', 0.1) ........... 0.317914 (+/- 0.140322)
+ ('mean-shift', 0.2) ........... 0.315753 (+/- 0.159228)
+ ('mean-shift', 0.3) ........... 0.324247 (+/- 0.154227)
+ ('mean-shift', 0.4) ........... 0.321497 (+/- 0.201095)
+ ('mean-shift', 0.5) ........... 0.437489 (+/- 0.223821)
+ ('mean-shift', 0.6) ........... 0.710785 (+/- 0.240384)
+ ('mean-shift', 0.7) ........... 0.840041 (+/- 0.186023)
+ ('mean-shift', 0.8) ........... 0.898702 (+/- 0.103473)
+ ('mean-shift', 0.9) ........... 0.684107 (+/- 0.285094)
+ ('mean-shift', 1.0) ........... 0.175552 (+/- 0.215836)
+ ('mean-shift', 1.1) ........... 0.003220 (+/- 0.019918)
+ ('mean-shift', 1.2) ........... 0.000000 (+/- 0.000000)
---------------------------------------------------------


validation_set_fraction = 0.8
n _times = 30

Clustering Scores (adjusted_rand_index)
('k-means', 'opt')             0.752795 0.560331 0.873420 0.970987 0.942231 0.691534 0.913132 0.875917 0.825573 0.975000 0.810526 0.842117 1.000000 0.856463 0.821291 0.950591 0.685992 0.790588 0.817468 0.788916 0.694751 0.672846 0.959963 0.601922 0.956926 0.701588 0.876713 0.695953 0.726688 0.832342
('agglomerative', 'opt')       0.662851 0.803764 0.817013 0.703621 0.676668 0.886814 0.863100 0.806390 0.871061 0.826321 0.834103 0.743297 0.735347 0.533894 0.691969 0.821139 0.948797 0.792313 0.954274 0.905129 0.900002 0.755732 0.944620 0.804164 0.873423 0.783893 1.000000 0.734228 0.689323 1.000000
('spectral', 'opt')            0.698567 0.657613 0.735083 0.765085 0.881236 0.610531 0.946004 0.760274 0.821732 0.685781 0.667225 0.724412 0.581992 0.461889 0.757806 0.806910 0.521458 0.883055 0.809418 0.662293 0.626094 0.560318 0.746430 0.447218 0.589753 0.646385 0.735685 0.748569 0.775369 0.597710
('dbscan', 0.1, 1)             0.433177 0.413218 0.337007 0.369900 0.457057 0.342988 0.222053 0.324151 0.361719 0.371912 0.350307 0.293654 0.367644 0.244605 0.367644 0.339646 0.343613 0.337007 0.438708 0.385958 0.222411 0.466916 0.440021 0.332260 0.264469 0.242820 0.410578 0.287785 0.252279 0.306773
('dbscan', 0.2, 1)             0.225018 0.225018 0.351607 0.303000 0.470969 0.285351 0.289906 0.158182 0.331132 0.316290 0.490464 0.224112 0.299034 0.308735 0.320858 0.274199 0.311122 0.334466 0.330448 0.280710 0.329508 0.327638 0.485728 0.226876 0.261286 0.345811 0.388864 0.177991 0.324130 0.426145
('dbscan', 0.3, 1)             0.265784 0.365043 0.357913 0.354073 0.312597 0.156671 0.218736 0.249348 0.348855 0.361077 0.239717 0.222603 0.385356 0.281691 0.229894 0.370182 0.265520 0.410578 0.284903 0.244185 0.204269 0.206564 0.230321 0.198396 0.280016 0.256264 0.292179 0.242592 0.365753 0.311122
('dbscan', 0.4, 1)             0.322606 0.275178 0.414452 0.396045 0.385958 0.302660 0.331478 0.401939 0.440788 0.375237 0.310193 0.438708 0.154020 0.314304 0.323698 0.278809 0.306437 0.209497 0.457099 0.282998 0.224856 0.374551 0.478399 0.299218 0.354073 0.372327 0.361118 0.238827 0.279608 0.292179
('dbscan', 0.5, 1)             0.376945 0.285174 0.480538 0.537124 0.378182 0.395643 0.426282 0.401939 0.371008 0.525802 0.448140 0.429598 0.520302 0.498099 0.393038 0.380343 0.396098 0.411967 0.661792 0.292684 0.383961 0.553393 0.457057 0.383646 0.283089 0.598946 0.406061 0.507828 0.445398 0.358920
('dbscan', 0.6, 1)             0.475728 0.557390 0.630589 0.586493 0.813474 0.729878 0.684126 0.523416 0.445825 0.522362 0.459624 0.701777 0.548173 0.612947 0.478282 0.856966 0.780311 0.651285 0.567674 0.606078 0.502816 0.539711 0.496524 0.381434 0.553227 0.815797 0.741582 0.760307 0.656540 0.749898
('dbscan', 0.7, 1)             0.754886 0.796667 0.906822 0.923588 0.624899 0.797510 0.864111 0.773930 0.739504 0.826867 0.865379 0.706112 0.911620 0.927492 0.657300 0.735309 0.834351 0.850244 0.828963 0.616020 0.744255 0.878389 0.780921 0.707845 0.942246 0.937467 0.748054 0.848850 0.814988 0.764744
('dbscan', 0.8, 1)             0.814160 0.886270 0.890972 0.931435 0.952487 0.882847 0.898521 0.951928 0.942244 0.959993 0.892541 0.938164 0.984506 0.942313 0.829637 0.892007 0.855970 0.978641 0.781457 0.836559 0.931435 0.835005 0.969298 0.966339 0.817232 0.925626 0.828850 0.928309 0.919082 0.932939
('dbscan', 0.9, 1)             0.760763 0.665751 0.900364 0.793588 0.823271 0.976920 0.652314 0.779909 0.922419 0.867598 0.776361 0.801154 0.779422 0.566034 0.711493 0.865413 0.670969 0.767590 0.737746 0.715206 0.827482 0.944619 0.896458 0.722939 0.682933 0.799087 0.927308 0.701700 0.801362 0.672896
('dbscan', 1.0, 1)             0.413774 0.530807 0.411299 0.924973 0.527568 0.563047 0.549052 0.493354 0.748505 0.388778 0.389035 0.800828 0.635402 0.658316 0.830782 0.621366 0.664910 0.605608 0.459230 0.822558 0.551342 0.597064 0.478455 0.558703 0.593437 0.632944 0.741339 0.580211 0.477174 0.675008
('dbscan', 1.1, 1)             0.633908 0.347115 0.412368 0.240433 0.512982 0.168691 0.095371 0.204640 0.430881 0.196415 0.379727 0.276558 0.270494 0.356510 0.284293 0.408961 0.145513 0.298148 0.239109 0.175159 0.138895 0.172157 0.167405 0.121413 0.399111 0.170055 0.318666 0.115653 0.169725 0.161434
('dbscan', 1.2, 1)             0.122482 0.129422 0.044382 0.000000 0.092537 0.039489 0.194443 0.218534 0.137961 0.131017 0.148529 0.163695 0.138291 0.236482 0.041333 0.000000 0.118352 0.105009 0.000000 0.091050 0.018546 0.196548 0.039315 0.087987 0.063274 0.155777 0.102861 0.051792 0.098934 0.018789
('mean-shift', 0.1)            0.239717 0.331132 0.280753 0.403933 0.280016 0.269496 0.306773 0.383795 0.306301 0.325850 0.417927 0.340349 0.228775 0.316472 0.295195 0.337866 0.361836 0.264469 0.436942 0.169535 0.324210 0.310062 0.369144 0.240607 0.511468 0.280963 0.271113 0.216269 0.374426 0.342032
('mean-shift', 0.2)            0.342032 0.217408 0.240263 0.178369 0.411967 0.312030 0.264496 0.351157 0.365824 0.273862 0.501111 0.236659 0.466312 0.358088 0.270332 0.386800 0.257927 0.280963 0.299218 0.265520 0.213263 0.334695 0.298542 0.260734 0.376033 0.435495 0.221138 0.365416 0.424571 0.262382
('mean-shift', 0.3)            0.176137 0.299218 0.247357 0.267480 0.214785 0.472893 0.306437 0.420294 0.163358 0.437888 0.369900 0.388242 0.312030 0.290380 0.388864 0.329080 0.307998 0.306009 0.432269 0.277004 0.365888 0.268309 0.437888 0.335942 0.342197 0.304704 0.405227 0.354408 0.222980 0.282233
('mean-shift', 0.4)            0.260096 0.441707 0.290344 0.312030 0.397890 0.241531 0.303813 0.432269 0.574881 0.299417 0.383795 0.275641 0.524333 0.311122 0.337007 0.227945 0.439722 0.324210 0.167026 0.172782 0.448483 0.330448 0.253945 0.261297 0.424571 0.290416 0.192746 0.224490 0.306411 0.194526
('mean-shift', 0.5)            0.448483 0.357618 0.452962 0.491630 0.445825 0.556407 0.313795 0.340546 0.330393 0.635826 0.554519 0.426886 0.303625 0.354627 0.421638 0.573225 0.504162 0.443739 0.218432 0.396365 0.732738 0.319420 0.321279 0.507234 0.529073 0.412488 0.373601 0.412997 0.593537 0.351607
('mean-shift', 0.6)            0.867929 0.723158 0.576431 0.655934 0.574881 0.616563 0.482729 0.768690 0.678917 0.676841 0.749002 0.542215 0.854105 0.734509 0.676750 0.711731 0.580439 0.961609 0.909456 0.748068 0.619170 0.830376 0.881989 0.860678 0.657162 0.559840 0.780311 0.715017 0.765593 0.563454
('mean-shift', 0.7)            0.952796 0.731179 0.940256 0.676941 0.742347 0.654156 0.938584 0.850084 0.948903 0.903781 0.932072 0.925354 0.907494 0.828399 0.768633 0.677872 0.912548 0.728441 0.961949 0.792946 0.966981 0.872001 0.815586 0.845902 0.843669 0.812076 0.774745 0.800999 0.753938 0.940613
('mean-shift', 0.8)            0.857532 0.800882 0.964147 0.940021 0.840178 0.949478 0.789238 0.907682 0.956483 0.858656 0.853292 0.879902 0.818617 0.951370 0.862684 0.875471 0.962281 0.959967 0.879079 0.855818 0.897051 0.894430 0.970732 0.945015 0.922440 0.923606 0.869295 0.933908 0.871163 0.970653
('mean-shift', 0.9)            0.542008 0.777978 0.559703 0.447406 0.835387 0.553639 0.638745 0.919172 0.783133 0.617582 0.811478 0.787223 0.760346 0.500088 0.798068 0.793343 0.582843 0.633006 0.679082 0.728359 0.840471 0.549695 0.526536 0.827972 0.725829 0.318034 0.938919 0.718484 0.646410 0.682284
('mean-shift', 1.0)            0.057607 0.035005 0.352523 0.103659 0.188161 0.123421 0.093376 0.344537 0.126511 0.293234 0.082782 0.383706 0.202845 0.147879 0.267623 0.181185 0.226886 0.205510 0.222696 0.132210 0.042812 0.161345 0.069485 0.391879 -0.010518 0.034890 0.277432 0.211025 0.078716 0.238148
('mean-shift', 1.1)            0.000000 0.007270 0.048606 0.000000 0.000000 0.000000 0.000000 0.000000 0.000000 0.000000 0.000000 0.015772 0.000000 0.000000 0.000000 0.000000 0.000000 0.000000 0.000000 0.000000 0.000000 0.000000 0.000000 0.000000 0.000000 0.000000 0.000000 0.000000 0.024949 0.000000
('mean-shift', 1.2)            0.000000 0.000000 0.000000 0.000000 0.000000 0.000000 0.000000 0.000000 0.000000 0.000000 0.000000 0.000000 0.000000 0.000000 0.000000 0.000000 0.000000 0.000000 0.000000 0.000000 0.000000 0.000000 0.000000 0.000000 0.000000 0.000000 0.000000 0.000000 0.000000 0.000000

